0 0.041640625 0.15843716666666666 0.083125 0.256667
0 0.0992578125 0.16416699999999998 0.07312500000000001 0.251666
0 0.162109375 0.20041699999999998 0.04375000000000001 0.1875
0 0.1898046875 0.059895833333333336 0.03874999999999998 0.12083300000000001
0 0.2115625 0.20265624999999998 0.048125 0.196667
0 0.3042578125 0.40270866666666666 0.10499999999999998 0.42749999999999994
0 0.35140625 0.33895866666666663 0.07187500000000002 0.36500000000000005
0 0.35765625 0.23776008333333332 0.03999999999999998 0.15999999999999998
0 0.3975 0.23515591666666666 0.03125 0.15499999999999997
0 0.421640625 0.21895799999999999 0.051875000000000004 0.156667
