0 0.052734375 0.7703645833333334 0.105625 0.4566670000000001
0 0.0624609375 0.38869791666666664 0.108125 0.24833300000000003
0 0.043203124999999995 0.028645833333333332 0.036250000000000004 0.058333
0 0.1051171875 0.7302600833333334 0.14750000000000002 0.535834
0 0.08265625 0.03588508333333334 0.039999999999999994 0.0675
0 0.0992578125 0.10807291666666667 0.07312500000000001 0.21666700000000003
0 0.2515234375 0.22119825 0.31124999999999997 0.039166
0 0.254453125 0.2544270833333333 0.318125 0.034167000000000024
0 0.210625 0.7275003333333334 0.125625 0.5425000000000001
0 0.242265625 0.0546875 0.08249999999999999 0.111667
0 0.3733984375 0.3418225833333333 0.3425 0.11333399999999998
0 0.34855468749999996 0.15036425 0.28812499999999996 0.03916699999999999
0 0.35539062499999996 0.18135383333333333 0.30125 0.027500000000000007
0 0.3198828125 0.725625 0.10499999999999998 0.5333330000000001
0 0.2957421875 0.052083333333333336 0.05437500000000001 0.10666700000000001
0 0.341640625 0.06880208333333333 0.05125000000000002 0.129167
0 0.380078125 0.04593783333333334 0.036250000000000004 0.090833
0 0.4192578125 0.7263024166666666 0.07250000000000001 0.545
0 0.4164453125 0.05317708333333334 0.026249999999999996 0.09833299999999999
0 0.4469921875 0.05078125 0.02312499999999995 0.101667
0 0.4833984375 0.052083333333333336 0.030625000000000013 0.10666700000000001
0 0.5276953125 0.72953125 0.08812500000000001 0.5391670000000001
0 0.603125 0.28583333333333333 0.06437499999999996 0.418333
0 0.6407421875 0.7403124999999999 0.08562499999999995 0.5166670000000001
0 0.7330078125 0.7086975833333332 0.07374999999999998 0.5808340000000001
0 0.7302734375 0.2692711666666667 0.06062500000000004 0.38083300000000003
0 0.88890625 0.7298961666666667 0.16562500000000002 0.5375000000000001
0 0.9048828125 0.26307325 0.07374999999999998 0.258333
