0 0.06380208333333333 0.426953125 0.13 0.13
0 0.16276041666666666 0.635390625 0.326667 0.3025
0 0.442083 0.3439453125 0.438334 0.08875
0 0.46942675 0.38109375 0.493334 0.1175
0 0.49395799999999995 0.5074609375 0.5316670000000001 0.10875000000000001
0 0.3702604166666667 0.1546875 0.20166699999999996 0.10999999999999999
0 0.51567675 0.1080078125 0.306667 0.1675
0 0.6361458333333333 0.8070703125 0.43333299999999997 0.3075
0 0.7442711666666666 0.8184375 0.506666 0.36
0 0.7646871666666666 0.4188671875 0.4450000000000001 0.053749999999999964
0 0.8115628333333333 0.32035156249999996 0.371666 0.28375000000000006
