0 0.063125 0.17463508333333333 0.12687500000000002 0.253334
0 0.0737890625 0.7194788333333332 0.143125 0.5583340000000001
0 0.1090234375 0.1838545 0.09250000000000001 0.23500000000000001
0 0.1490234375 0.15958366666666665 0.09312500000000001 0.273333
0 0.1925 0.6970315833333333 0.15749999999999997 0.5816660000000001
0 0.186796875 0.14911458333333333 0.09 0.270833
0 0.232890625 0.15041666666666667 0.08312500000000003 0.27249999999999996
0 0.2770703125 0.16713508333333335 0.08812499999999998 0.253334
0 0.3115234375 0.17703091666666668 0.060624999999999984 0.24833400000000003
0 0.36171875 0.7018749999999999 0.08625000000000005 0.594167
0 0.3615625 0.16796841666666665 0.048750000000000016 0.29583400000000004
0 0.3984765625 0.16567741666666666 0.034999999999999976 0.26500000000000007
0 0.4379296875 0.16161458333333334 0.03875000000000001 0.268333
0 0.482265625 0.1619795 0.05187500000000006 0.266666
0 0.5376171875 0.6780732500000001 0.11624999999999996 0.6333329999999999
0 0.5211328125 0.12109375 0.04125000000000001 0.244167
0 0.614140625 0.109375 0.08250000000000002 0.22
0 0.7167578125 0.7150520833333333 0.166875 0.5666670000000001
0 0.683671875 0.11197916666666667 0.059374999999999956 0.22583300000000003
0 0.7305078125 0.12927116666666666 0.07374999999999998 0.256666
0 0.7758203125 0.12109375 0.05812499999999998 0.24250000000000002
0 0.8673046875 0.7029169999999999 0.19374999999999998 0.5650000000000001
0 0.81625 0.12630208333333334 0.06437499999999996 0.253333
0 0.850703125 0.125 0.09812500000000002 0.25166700000000003
0 0.89640625 0.1171875 0.10312500000000002 0.235833
0 0.94046875 0.578125 0.11750000000000005 0.40666699999999995
0 0.951875 0.125 0.09437499999999999 0.25166700000000003
0 0.965703125 0.11682325 0.06687500000000002 0.1975
0 0.9887890625 0.38567675 0.01937500000000003 0.05666699999999995
